metadata:
    map_boundary: [-11.5, 49.0, 7.5, 61.5]

    location_coordinates:
        Z1_1: [60.377480472838954, -1.2404301574833898]
        Z1_2: [57.944564407739854, -6.834902036090409]
        Z1_3: [58.107875467651056, -4.436653021977436]
        Z1_4: [57.11994024233, -5.200212410200088]
        Z2: [57.18266401332256, -3.173805699752228]
        Z3: [56.44200200230392, -4.050986347017981]
        Z4: [55.77989564617234, -5.675501986899891]
        Z5: [55.777926165277634, -3.8305933475257317]
        Z6: [55.26488234064406, -3.4832340149825587]
        Z7: [54.88462471091169, -2.186349300522628]
        Z8: [53.91457935306142, -1.1648892890340494]
        Z9: [53.38643344193383, -3.010806425008819]
        Z10: [53.13664701051672, -0.38364245800945856]
        Z11: [52.56926468841526, -1.6475358250164496]
        Z12: [52.254557062708884, 0.4507326226344461]
        Z13: [51.8171666800407, -2.9469928609623075]
        Z14: [51.53646872454764, -0.15748878985623654]
        Z15: [51.31216837659602, 0.8260235964907133]
        Z16: [51.03938881362533, -0.7256839136234483]
        Z17: [50.757732388495825, -3.6019238753940663]

    location_ordering: ['Z1_1', 'Z1_2', 'Z1_3', 'Z1_4', 'Z2', 'Z3', 'Z4', 'Z5', 'Z6', 'Z7', 'Z8', 'Z9', 'Z10', 'Z11', 'Z12', 'Z13', 'Z14', 'Z15', 'Z16', 'Z17']
